0
1
5
5
6
6
7
9
11
11
14
14
14
15
15
16
16
18
21
21
22
25
26
28
28
29
29
29
29
30
30
31
32
33
35
37
38
38
38
39
42
42
44
44
44
46
46
47
47
47
48
48
49
52
52
53
54
54
54
55
56
59
59
61
62
63
63
64
65
66
66
67
68
70
70
72
72
73
73
76
78
79
80
82
83
85
86
87
89
89
89
91
95
100
101
102
104
104
105
105
106
107
109
110
113
113
113
115
116
120
121
122
125
126
127
127
127
127
132
132
133
133
134
134
134
134
135
137
137
137
137
137
138
138
141
142
145
148
152
154
154
154
155
155
157
158
158
159
159
160
160
161
161
161
161
164
167
168
168
169
172
172
173
174
176
178
178
178
179
180
180
181
181
181
183
183
184
185
185
187
187
189
189
191
192
195
197
199
199
199
200
200
201
201
201
202
203
203
203
204
205
206
207
209
210
211
212
215
220
221
222
224
225
225
226
226
226
227
227
228
229
229
231
232
232
233
233
234
234
238
238
240
241
241
242
243
243
243
247
250
250
250
250
251
253
254
256
258
259
260
261
262
265
265
266
266
268
269
270
270
271
271
273
273
274
278
278
280
281
281
282
282
282
282
283
284
286
286
288
289
289
289
291
297
297
299
299
300
300
301
303
303
305
305
308
308
310
311
313
315
316
316
317
317
317
318
319
320
321
321
321
322
322
323
323
324
325
325
326
326
327
327
328
329
329
330
330
331
331
331
333
335
335
336
336
337
337
337
340
346
347
350
350
350
354
354
355
355
355
356
358
358
358
358
359
363
364
364
365
365
366
367
369
370
370
371
371
372
373
373
377
379
380
380
385
385
387
388
389
390
392
392
394
395
396
398
398
400
401
401
403
404
406
406
406
407
408
408
408
408
410
410
412
414
416
417
419
420
420
421
422
424
424
424
426
426
426
427
427
428
431
431
432
435
435
437
438
440
440
442
442
443
444
444
444
445
445
446
446
447
447
448
449
450
452
452
453
454
454
455
455
456
458
459
460
460
460
463
463
464
465
466
469
470
473
473
474
474
475
475
477
480
481
481
481
482
483
483
483
486
487
487
488
489
489
490
490
492
493
493
495
499
501
502
503
504
504
505
507
507
507
508
508
508
510
511
512
513
513
514
515
515
516
517
518
519
519
520
521
522
522
523
524
524
525
528
530
530
532
532
532
533
533
533
535
537
538
538
540
541
541
542
544
545
546
547
547
550
550
550
550
551
552
552
553
553
554
554
554
555
556
557
557
557
558
559
559
559
560
560
561
563
565
565
566
567
570
570
571
572
573
573
574
575
577
579
581
582
584
586
587
588
588
589
590
590
590
591
591
591
591
592
595
596
597
597
597
599
599
601
601
604
604
607
607
608
611
611
613
616
617
618
618
618
619
619
620
620
620
622
623
625
626
627
628
628
628
636
637
640
641
642
644
646
646
646
647
648
649
649
649
650
650
651
652
652
653
653
657
657
657
659
663
664
666
666
668
669
670
671
671
673
674
676
678
678
678
679
679
680
681
683
683
684
685
686
687
688
689
689
690
692
692
696
696
697
700
700
701
705
709
710
715
716
717
718
719
719
719
720
722
724
724
724
725
726
726
727
727
727
731
731
732
733
733
736
737
737
737
738
738
738
740
740
745
746
749
749
750
750
750
751
751
752
752
752
752
754
756
757
758
761
763
764
764
767
768
770
770
770
774
775
779
780
781
781
782
783
783
783
784
785
785
786
787
788
788
790
790
790
790
791
792
792
794
796
797
797
797
799
802
803
803
804
805
805
806
807
811
811
812
813
813
814
815
817
819
819
820
820
822
824
824
824
825
826
826
826
827
827
827
828
828
829
830
830
831
831
832
832
832
834
834
835
835
835
836
838
839
839
840
841
841
844
845
846
846
847
848
848
848
849
852
855
856
857
860
864
864
864
865
865
866
868
869
872
874
874
875
877
879
881
881
882
882
883
883
883
884
885
886
886
886
887
888
889
890
890
891
894
895
895
895
895
897
898
899
903
904
905
907
908
910
913
913
915
915
915
916
917
917
922
922
923
924
924
926
929
930
931
931
934
935
936
941
941
942
947
948
948
951
952
952
952
953
954
955
956
956
956
956
957
958
958
959
960
962
963
963
964
965
968
969
969
970
971
972
972
972
974
977
977
979
979
980
981
982
983
985
988
989
993
996
997
1000
1003
1004
1005
1005
1005
1006
1006
1007
1008
1010
1010
1016
1017
1017
1018
1019
1019
1019
1023
1025
1026
1027
1027
1027
1029
1030
1031
1031
1033
1033
1035
1039
1039
1041
1042
1042
1043
1043
1043
1044
1050
1050
1053
1054
1054
1054
1055
1055
1055
1056
1059
1059
1061
1061
1062
1063
1063
1063
1063
1064
1064
1066
1069
1075
1077
1078
1079
1080
1081
1082
1083
1083
1083
1083
1084
1086
1086
1090
1090
1090
1090
1090
1092
1092
1093
1093
1093
1093
1094
1094
1095
1095
1097
1097
1097
1098
1099
1099
1100
1100
1103
1104
1105
1105
1106
1107
1108
1109
1109
1111
1111
1112
1112
1113
1114
1114
1117
1117
1118
1118
1120
1121
1122
1122
1123
1125
1125
1127
1128
1129
1130
1130
1131
1132
1133
1133
1134
1134
1134
1135
1135
1135
1136
1139
1139
1143
1145
1148
1149
1149
1150
1150
1155
1155
1155
1156
1156
1157
1158
1158
1159
1159
1159
1161
1163
1163
1165
1166
1167
1168
1169
1170
1171
1171
1175
1177
1178
1178
1181
1181
1182
1182
1183
1187
1188
1190
1190
1191
1192
1192
1192
1192
1193
1193
1193
1195
1196
1196
1196
1197
1197
1198
1200
1201
1203
1206
1207
1207
1207
1209
1210
1210
1210
1212
1212
1212
1212
1213
1214
1215
1217
1217
1219
1220
1221
1223
1223
1224
1224
1225
1226
1226
1226
1227
1233
1234
1236
1236
1237
1238
1239
1240
1241
1241
1242
1242
1242
1242
1243
1244
1245
1246
1246
1247
1249
1251
1251
1253
1255
1255
1257
1257
1259
1259
1259
1260
1260
1262
1263
1264
1264
1264
1266
1266
1266
1268
1269
1269
1270
1271
1274
1274
1274
1276
1277
1278
1279
1280
1281
1281
1282
1285
1287
1287
1288
1291
1292
1292
1292
1294
1295
1298
1299
1299
1300
1300
1302
1302
1303
1303
1303
1303
1304
1305
1306
1306
1307
1311
1313
1315
1320
1321
1323
1324
1324
1325
1325
1325
1327
1327
1328
1328
1328
1329
1330
1331
1331
1331
1332
1332
1332
1336
1336
1338
1340
1340
1342
1342
1346
1346
1346
1348
1348
1348
1349
1349
1352
1353
1353
1356
1356
1357
1357
1358
1359
1360
1360
1361
1361
1363
1363
1363
1364
1365
1365
1366
1368
1369
1373
1373
1375
1375
1377
1377
1378
1379
1379
1380
1380
1381
1383
1383
1383
1384
1384
1386
1388
1389
1389
1389
1389
1389
1390
1392
1392
1394
1395
1395
1396
1397
1398
1400
1401
1403
1403
1405
1405
1407
1407
1409
1409
1412
1412
1413
1413
1413
1415
1416
1418
1418
1420
1421
1423
1423
1424
1425
1425
1425
1426
1426
1427
1427
1430
1430
1430
1431
1432
1432
1434
1434
1435
1437
1438
1441
1441
1442
1442
1443
1444
1446
1447
1450
1451
1451
1452
1453
1454
1454
1455
1456
1456
1456
1457
1458
1458
1458
1459
1461
1463
1464
1466
1467
1468
1468
1468
1470
1470
1471
1472
1473
1474
1474
1475
1476
1476
1476
1477
1477
1480
1480
1484
1484
1484
1486
1487
1490
1491
1491
1493
1496
1496
1498
1499
1499
1499
1500
1503
1505
1505
1507
1510
1511
1511
1511
1511
1512
1512
1512
1513
1514
1518
1520
1520
1520
1521
1521
1525
1526
1526
1527
1528
1530
1531
1531
1532
1533
1533
1533
1535
1535
1537
1537
1541
1541
1546
1546
1546
1546
1546
1547
1548
1549
1551
1552
1552
1552
1553
1553
1556
155