2260
2666
2878
2259
2875
1618
1062
994
1023
861
1470
1058
1524
459
2065
2821
577
258
998
999
1089
1697
2927
1454
87
2409
257
163
682
1123
137
1312
1701
1056
2859
239
1198
2684
65
579
546
2848
2288
524
2897
1691
2491
247
2458
246
1410
83
1051
2956
659
2652
183
229
2545
159
2423
2394
371
468
1376
767
2757
1126
2792
1868
1222
1991
2509
2519
2386
1897
1146
1095
2668
1807
1104
1778
1637
1861
1283
2505
708
1516
222
1910
2537
2401
868
508
882
1119
574
2342
862
212
1979
2871
639
848
2206
1372
2134
112
2110
289
426
1826
789
785
859
2712
2724
150
1564
18
1487
2336
2392
188
767
545
2614
866
2747
986
1384
1226
2691
329
956
1056
727
2575
1082
2614
1272
588
1302
1511
1164
2611
792
1851
2494
1078
996
1911
1045
1706
1381
2308
1164
2960
2496
1626
609
2529
2523
121
543
280
560
2661
1124
2018
2132
723
1817
1337
734
2919
2910
1092
2804
2969
1806
2780
2000
2305
201
205
917
1747
1713
1467
1138
2669
1174
16
2339
474
572
3000
1139
2309
2217
2639
379
1516
458
2968
1074
2983
162
640
2998
1355
576
792
853
579
1029
1416
1978
2247
2140
955
1705
2853
992
1733
774
2496
2922
1446
147
1471
2675
1265
298
1185
2357
735
1397
2695
922
1305
362
192
910
996
2574
2131
2529
1457
2950
1275
2333
2036
73
487
2377
981
1990
1228
2831
503
2134
100
618
1367
2077
1092
2751
665
1131
1161
1051
1946
1303
2810
305
424
314
2509
2862
271
627
1191
1400
1929
2356
1509
2243
106
2982
713
233
2402
1035
1752
1024
2044
407
2180
2084
1463
2595
2875
192
1509
177
1803
945
573
2093
2200
2103
2514
639
1715
352
1867
1050
231
407
1520
512
1527
1586
766
763
1314
2062
907
1313
2200
380
1982
2125
2980
1638
1472
1919
1660
2367
520
1169
2759
1889
895
139
2406
933
299
1681
2994
1686
731
1437
1100
611
677
2327
621
1234
2860
953
1294
1295
609
232
1808
2766
34
894
2946
2282
129
2758
1995
1160
2415
749
752
1726
1623
2944
1086
2671
2666
2283
55
2973
756
1191
1024
2157
407
2765
1215
2817
259
1574
61
482
2480
101
932
2998
1597
1979
1201
2055
2631
2065
961
635
1173
868
1936
899
2766
2227
1926
2684
912
1656
1074
1434
2753
1702
201
1886
879
2372
322
285
2113
877
2096
58
1489
1017
2979
2534
184
885
548
2768
221
324
2680
2129
2138
1038
1585
510
2124
1042
2411
2999
1663
1684
2131
2077
1435
1354
1734
1347
301
656
2812
2951
2480
1002
274
1971
117
1706
1738
449
1112
2350
1700
2688
1247
2877
948
1821
2935
1848
2577
718
1102
1740
1744
1488
1593
2730
1544
1267
2386
2187
1798
1500
2699
1500
2081
908
443
2582
1369
645
1345
1827
384
1002
1893
1005
673
476
1390
2187
806
301
1306
2300
735
2225
2830
329
760
1723
290
1850
1239
2282
2478
134
1281
1934
1759
2673
2443
690
1862
1581
2601
2201
265
2067
2024
1645
931
947
93
462
2140
2415
1145
975
2341
901
1839
1865
1411
1798
177
2420
2653
895
1925
2616
1857
2446
1342
480
2269
633
1754
357
1688
211
430
1186
1084
1720
2288
499
1658
1066
1740
1708
1029
2458
2554
536
2198
2767
760
46
683
1029
1000
144
332
2626
54
562
1272
126
1378
763
1035
1197
1742
2017
2861
1438
5
137
1432
2114
1171
456
2714
1183
1831
356
80
2725
765
1275
1081
2153
2644
1974
1601
2679
764
1926
2753
2981
2143
2712
2657
2523
892
2224
1256
1073
921
728
184
561
2872
2471
2349
1570
1589
524
2679
1427
1972
2416
362
834
1484
1760
373
2809
574
2100
2698
347
2621
431
683
420
2124
923
756
2829
1928
653
2312
1939
1148
158
2170
767
963
1702
1400
1622
2870
2765
2908
1098
2662
113
1021
1962
1417
2302
2425
1383
2646
1539
1489
1043
935
43
2405
1663
2388
1074
782
56
1143
1386
974
2623
2940
2099
1813
287
1221
222
927
1109
224
2841
866
2169
501
2072
2302
1811
2973
1507
1587
998
1223
1967
1882
2848
2546
1139
499
1108
207
1103
2674
1355
843
1231
572
1403
543
2846
506
1776
2602
283
1007
2711
1254
1081
1120
1462
1865
2847
2571
1183
2622
1874
967
1210
2912
1410
508
332
859
2805
461
209
2304
2631
2705
2866
1205
2929
470
1178
1809
2498
2601
2568
730
2715
2253
655
881
1233
1074
2140
2744
1694
1952
348
1693
444
623
1306
2447
2016
1593
269
1655
61
2930
880
924
1426
1970
2983
2268
2948
2620
2402
1928
114
54
1086
344
2942
777
967
320
2531
1684
2360
1314
2787
243
2274
922
2489
1669
1143
2871
1159
2740
2560
2813
2500
7
1492
54
158
658
873
2936
2486
935
1088
2601
2162
1552
2731
1783
1051
1542
2063
97
2643
582
2521
1917
2205
422
2506
471
1928
167
759
1060
2467
2334
2577
1646
1529
2559
1794
1797
2912
2077
1046
2493
744
585
1137
667
1405
2586
2914
801
2247
2627
833
624
2192
346
1637
2314
1126
675
1418
2402
1105
1509
1120
1573
2334
1210
2372
2563
187
2534
11
2735
2
653
1080
2301
2338
1283
1951
1319
2744
1268
604
926
1212
1481
1517
1702
455
182
2014
514
292
113
159
1326
1948
582
2881
2127
1184
1103
1227
1511
1409
190
1252
1892
896
2339
2599
641
1886
2341
2246
277
28
1097
980
1449
1583
2288
1524
2790
1901
408
2441
940
1796
2624
2721
827
1331
1684
2145
2852
894
38
455
1898
982
184
1804
578
231
1954
2435
1117
894
2780
187
666
960
1102
680
1919
2901
1969
238
2002
278
1236
429
1074
870
2053
430
465
136
1350
344
2043
2665
2781
969
501
229
1955
1311
922
561
50
867
1381
185
731
1260
2673
120
1894
959
462
1900
340
1440
1147
1526
2494
1735
413
1407
572
2914
2486
2521
2741
390
725
1446
2877
2740
2620
1986
1685
1049
1540
2866
2329
1844
1790
708
681
2114
2865
77
188
844
1030
1702
2602
1459
2771
526
478
532
2584
2266
827
1620
1038
1030
2831
643
808
1373
2450
2036
244
1436
1495
2313
475
2703
1866
2612
1141
2210
1252
1784
2172
1757
111
940
596
2547
2215
2033
2744
174
403
205
1157
563
709
933
163
268
1710
1754
138
420
1600
2879
1941
2134
907
1717
835
2488
1756
2682
1635
554
850
1854
1591
1132
691
692
1348
2970
2922
1005
2683
1374
1635
2687
1188
238
1878
1396
2088
1411
2334
25
1679
1120
2607
1496
2412
1021
84
320
830
687
1597
2224
368
1845
2283
1550
936
912
651
2706
2578
771
939
618
316
871
1428
2506
186
317
2947
1517
1255
662
594
1703
2287
181
2671
2714
1917
1452
2235
1176
2175
2251
693
1224
2049
596
2207
145
2961
923
578
991
774
2615
2521
2879
821
1386
1191
2664
1760
272
1764
1853
250
1195
1088
2766
2568
2963
1579
880
2161
1805
20
1999
1572
2235
437
2084
2009
109
1781
1453
2330
2700
2952
1617
771
2028
1656
2302
491
1517
1474
2442
833
373
2112
1947
1508
1364
2036
2602
398
1386
1092
1875
2736
2363
2943
64
1893
1935
1188
1616
1793
1721
2193
526
2243
1295
567
334
661
227
1586
1003
1831
236
1571
423
482
1720
214
460
1034
1196
67
550
1728
2794
2293
187
635
901
286
2797
822
830
47
2846
2471
1572
445
1447
495
1692
1859
721
606
151
2685
2244
2702
2061
1559
179
1843
663
2018
232
1681
1753
1650
350
2235
61
690
19
1885
1118
2154
198
493
1450
2126
566
2591
2263
1522
295
1657
456
2209
2343
299
2688
638
264
2145
2004
2295
1745
2204
2563
1796
1613
666
1507
1059
1313
240
1555
2584
2932
1076
173
333
609
1266
482
2279
63
1552
397
761
2191
1694
1818
1502
447
2540
2729
1410
404
932
272
323
2271
1194
869
1760
1493
1659
877
637
1868
1579
2968
910
2089
2342
2336
2068
2255
1250
18
901
1432
2944
1661
1071
626
2176
809
1648
830
2756
307
2532
1533
1274
552
1625
4
690
2096
2504
2018
2797
2469
663
315
2379
1661
2783
2282
25
796
2914
344
609
1543
922
2897
1253
76
2956
2070
812
2350
2836
2659
1350
667
1576
257
2501
2067
2932
1121
1500
397
510
1559
1412
1276
2402
263
190
10
879
2823
132
754
475
725
2654
1472
492
1111
2758
723
1708
826
1540
63
1231
249
2428
625
2416
96
2724
552
303
934
1607
2034
2838
768
2060
1139
1514
1595
1660
2212
1987
1212
610
686
1059
778
2855
2062
184
990
2632
646
1837
2629
1868
781
1758
839
1926
2361
2601
1128
2184
2408
1319
501
2840
1584
2524
1895
1863
785
2048
607
2410
603
422
1961
223
1061
1145
2637
2130
1316
2018
2453
598
596
540
464
2246
2266
402
2194
1788
2363
1014
2318
580
123
1312
204
2490
1025
1619
1052
942
669
2984
2856
153
2
689
1129
1154
2792
904
2326
2302
830
504
73
2526
86
2611
437
832
2411
2719
1307
1349
934
1683
555
504
2616
1488
2969
932
161
1281
1972
853
2053
1631
945
1446
2227
784
826
1822
380
1383
253
1183
863
2504
7
2118
235
1852
1966
1285
1692
777
1088
2954
1992
2513
207
1322
818
1728
1081
2276
2278
2268
2615
1931
1350
550
721
807
793
2513
1231
145
2963
171
1808
2948
1209
2861
1616
643
1353
1526
1581
842
331
286
2378
1673
63
2240
637
1261
2739
2341
861
387
2119
2425
708
1899
1212
2542
2625
642
2507
2737
192
1052
721
462
145
1367
854
2877
2937
2492
1940
2575
2230
27
2114
1090
2385
637
47
662
2134
2087
2477
1372
2883
2724
1510
1221
2922
462
101
347
552
1003
2629
2472
1235
116
2473
529
1521
319
2785
1847
2862
1723
1875
1784
711
223
197
2880
53
2126
1148
314
908
367
1863
346
2617
1951
2021
438
1979
920
1574
773
2492
1714
1061
214
703
1345
2243
1965
1798
2020
471
800
2563
1264
552
2919
2900
2611
1493
2388
1740
71
2395
2722
704
2246
2157
1758
2250
2243
549
268
2659
1573
2173
2478
1185
1168
2692
1923
2442
860
99
2766
2390
1414
2460
493
2596
2303
1973
1124
2817
1059
670
2870
2258
2363
243
723
1048
2445
620
394
1966
2305
2940
1953
1287
2437
744
2686
200
2379
1043
2262
2943
2444
2857
1295
505
114
155
1306
505
513
2664
1517
1543
1695
1386
2483
2569
57
301
2854
143
194
1792
662
1630
1325
1260
2830
403
134
2013
297
637
1265
1317
665
2603
2657
2211
2
428
2220
2
365
1265
253
2802
1838
2775
1504
808
1370
1520
2680
1805
2104
1226
2790
402
535
844
2510
1058
1892
1063
2503
2676
944
688
2920
411
1442
1871
1726
2680
519
1177
2020
854
2043
1096
1963
1898
2447
1550
338
2124
2610
624
2068
1196
608
1687
2176
2276
2958
994
1142
2275
1186
2757
961
2198
362
2953
328
620
427
241
626
1555
2766
2420
2619
45
1300
364
420
1196
1947
699
2376
2353
1553
1538
1613
326
1893
2491
1024
1380
789
2450
2783
581
2904
871
1220
322
485
611
1629
2465
2450
1713
2831
700
2753
1272
1644
1488
1492
543
603
1249
1449
2706
2639
2153
2593
1452
1475
93
2307
1734
1030
1417
1152
567
596
1987
1332
1351
451
1348
1959
1454
2925
38
1361
1717
2123
1481
1881
2665
1628
2467
1174
1203
101
753
330
2416
11
2439
2065
15
949
2610
2182
1518
1857
2486
2099
2445
1687
2896
1271
755
1838
1094
1370
2343
1509
2924
588
1748
2559
1479
1890
1479
2595
1503
1608
2887
75
2827
250
468
451
171
2609
6
939
2539
2055
2777
1139
298
270
543
275
981
868
1813
1494
2531
2574
1189
138
562
764
1066
2091
1938
1278
2491
1127
2693
1455
1698
2916
930
2833
2698
2693
1063
2383
1694
2328
76
1598
356
1014
1538
1096
213
348
1055
2960
2798
10
2480
904
2071
948
1151
687
1959
1006
2691
1156
959
1563
1033
676
457
1149
2035
2177
897
680
1639
302
85
1477
1488
444
2856
822
2117
790
1667
2201
2700
1336
2288
554
2714
2696
2224
2535
882
1308
7
2390
567
1755
1480
182
1472
1808
2679
2184
681
2020
1283
931
377
189
895
444
1381
1764
2572
2592
1911
668
1335
1625
1494
937
754
982
2659
743
271
2448
2673
2380
2944
1956
1913
1214
1068
1438
2213
2011
2813
2425
1484
2320
2998
461
2743
1569
770
1656
657
2519
1415
906
6
1373
2140
1524
1541
43
301
1202
437
1889
453
456
1026
966
1988
1747
753
2794
2606
1108
2518
587
2706
1595
1219
1075
566
786
689
2146
1032
1306
2133
1039
2421
1158
2596
2223
545
1651
2982
1625
1483
2287
659
2854
2947
1142
2994
1973
818
129
1876
2464
2322
92
1832
1075
49
1284
1131
1134
2572
241
1946
123
1087
86
1905
2456
161
1999
2020
529
1599
2261
1133
2128
1753
688
1399
1736
442
1075
1332
200
2319
229
1855
2940
2105
832
316
999
1546
2535
221
1959
950
849
2824
812
797
25
1280
2428
330
358
970
1316
2887
594
1729
2487
2965
2058
2585
2978
2614
1000
757
2935
797
2686
1957
2076
2410
2887
2802
817
1078
1625
1714
673
1897
2481
856
175
2945
1382
2698
2292
1877
430
2215
129
1660
516
585
2098
782
1371
689
2338
1254
105
1222
1268
1030
1183
2535
2251
1970
1816
48
1917
1014
1828
299
618
2043
904
264
1379
1413
746
541
337
2759
2076
1076
260
2671
14
68
809
2387
2641
1803
1970
2032
2734
419
2136
1145
1447
1864
2732
1894
1946
423
1690
2236
1384
1466
1715
1924
317
1889
988
472
422
147
890
1359
2143
1006
1503
1471
1989
1231
2189
326
1938
436
1961
1138
493
2308
2201
2157
2540
180
1339
2929
2063
929
2181
769
1499
2371
2874
903
1697
537
482
2748
1051
311
830
566
2134
2068
1206
1744
1524
2837
2930
1746
677
1586
1802
2326
383
2144
2003
2674
121
1338
934
1203
96
889
939
1401
2264
2826
2063
2570
112
502
1449
554
345
2644
2963
970
2509
919
1556
1318
1003
1522
267
1879
2755
1776
2433
2909
1812
2693
2691
294
630
2786
1150
1150
1115
1433
605
1015
1373
1400
198
2486
514
608
214
531
443
1866
2886
2772
1601
1949
252
1113
1398
637
598
1680
733
2571
1262
390
1299
1808
2172
557
1999
2280
1915
2132
2825
963
1372
1848
1359
2678
600
2784
2316
67
95
2711
1297
2640
1468
1673
854
1450
190
1050
2947
1836
774
1826
2566
271
1977
994
1658
424
1828
2148
2165
1412
2644
898
722
1663
819
1310
2265
1679
1907
2915
1553
2781
152
1079
2920
1694
1010
425
2663
349
668
999
806
308
1746
2864
2385
1597
1162
2789
2000
593
2444
2454
2805
1869
2375
2494
2491
428
2182
2113
2375
160
2549
1797
277
1347
546
1636
2299
1656
2808
2347
1512
2073
1681
1201
2381
1244
579
2583
1766
1869
2061
1624
2127
2607
487
613
1969
2186
1756
1825
2287
2548
417
1592
217
330
1335
1860
1096
965
2654
1618
2909
383
2054
244
24
1643
2079
2397
1156
2011
1126
1529
1325
1305
983
2009
539
970
1928
2199
340
314
1670
2152
162
2515
2851
258
2697
1703
2543
2116
19
1571
239
653
2781
2587
2225
2193
149
2738
877
494
193
1850
2415
814
976
1059
409
1333
2011
307
104
1800
1758
964
2881
1802
1707
2118
2865
1701
2902
979
564
766
586
2256
2775
902
2599
257
1697
408
204
2
1030
1828
2784
2186
59
461
652
2436
787
2244
1300
2734
383
1272
1385
219
689
2528
327
2039
546
1201
538
2544
2973
2338
1248
2507
1544
1548
1113
506
161
775
2622
1905
840
2402
2554
1148
2535
481
2132
2438
2353
1522
251
2304
885
1782
464
753
1076
29
1701
2511
2371
224
1428
52
2776
2692
851
1224
2045
758
400
207
2792
866
2142
1285
931
2323
36
2784
1636
1674
2953
2346
2925
209
1654
108
926
2944
857
2111
1198
1924
1467
2272
280
1471
1270
2607
529
223
529
1911
2111
1849
425
401
1907
2900
819
2052
765
1574
220
1146
1053
2056
997
1373
1439
2987
509
408
1366
2146
2264
721
2874
874
2890
769
1930
1057
1191
1873
1074
1472
1297
459
271
2019
2077
660
1084
1595
611
408
391
1559
1695
1313
2604
349
519
2298
1851
1187
2856
788
366
1535
190
2391
1052
1078
2947
629
2420
2970
1135
2411
2158
976
2383
1674
1721
2112
1521
1633
1223
1623
1202
2480
2950
716
1351
2765
1952
1393
2220
1182
952
1929
2092
2381
14
1009
2891
1632
2387
2296
2141
1564
2716
1575
1481
222
1618
1499
1208
2517
797
2459
2
1706
544
1803
2079
489
2628
2784
827
