1097
797
257
1020
119
126
385
2047
504
424
180
2670
1633
1329
2078
2591
852
2344
424
704
2061
67
979
2954
322
365
663
2946
1889
1501
2829
2387
2952
1841
1625
2615
1378
247
2686
1162
1081
1825
2978
491
193
849
1183
1574
1763
2243
986
2398
2543
1489
2113
2188
1221
2209
2390
364
2867
991
2006
2249
1074
643
1355
2811
1284
2029
2184
2697
1633
1070
2733
1519
1370
1003
1851
1663
2792
60
382
1794
145
1650
2007
937
1606
823
1926
60
2719
1908
251
2658
132
973
73
941
1917
1836
737
473
2465
2481
1995
862
969
1791
1677
2811
2353
2649
111
2284
1548
1600
805
1274
2870
219
524
2344
1579
1888
2688
9
1541
2972
1066
1675
1324
1253
946
2021
2708
2559
1451
871
1465
2650
36
2728
1277
2714
2579
1486
282
1518
654
2477
2623
1972
2918
517
1014
1213
2170
2868
1885
2170
1899
2281
1813
1511
947
405
674
1990
703
2902
2318
2033
2667
1169
1790
2714
1248
328
2678
12
1443
555
1324
1287
1251
674
1482
131
1034
2743
719
1989
1596
2414
2534
845
1311
2400
2854
312
445
1026
1567
1024
2149
802
1503
2085
588
2839
1178
892
1722
2779
383
2397
1856
494
1501
190
589
183
2282
806
1228
2802
1501
158
1021
143
2276
1748
2277
1236
1724
1920
2858
1759
2653
2749
982
2675
1521
2079
1536
832
1177
1835
2657
211
185
2965
2030
1020
801
1683
1699
2096
1503
1373
2371
2862
1689
1583
925
930
2933
102
1701
1416
115
2646
1791
1659
111
643
2842
1514
2070
574
13
1880
2369
245
151
345
1737
1241
948
1861
560
2794
1234
2011
2048
1528
385
1853
84
1393
789
562
2839
1381
2902
51
1320
800
1079
1043
407
1860
24
2506
2563
2573
313
2112
668
2967
2121
904
1628
1636
1973
715
519
2636
2895
960
2492
2343
2371
1743
2818
2899
1314
1533
851
444
975
1046
2925
149
667
2661
93
649
2257
1928
407
2785
1905
213
1028
2389
2882
1697
1627
2313
2753
1135
2634
1490
2159
1986
961
1848
1042
338
2512
2347
1084
2553
895
2509
2231
1019
1196
1612
1169
2137
1115
2939
1664
1824
702
921
2216
2139
2081
2064
1865
1792
1342
2304
2705
1702
2919
2275
1103
572
346
1066
804
1967
452
2991
1469
2965
216
1196
2732
314
2693
1146
1044
294
2735
1257
2814
1215
1815
1859
2960
2788
414
2628
2208
381
2072
1128
0
27
1576
2294
1007
2111
894
1840
1333
2590
2664
578
1226
1050
662
1171
2187
2343
1221
504
2893
1675
526
1706
341
2161
2963
1758
1079
882
1681
1619
1243
356
1322
259
141
1058
2219
1488
194
2944
15
227
1806
809
1902
1497
470
2747
348
270
442
98
1366
2556
1975
488
415
363
2482
2624
1964
915
2879
2227
956
104
17
2938
2637
436
2471
1555
2604
1198
1592
2763
1747
1713
871
2693
2471
2117
723
1904
1723
1342
566
2932
1504
1814
1494
727
2135
1348
2005
1412
2411
783
2116
330
1141
1699
1324
437
431
2672
2045
2769
2662
2709
731
1504
1036
561
2605
2267
1208
1956
1751
2678
1834
347
2490
2834
2863
185
1657
2334
2527
872
1401
1595
825
1310
244
1307
257
57
1525
2153
1508
2519
2375
292
867
1414
712
2907
1156
2347
211
2480
912
2586
617
675
2329
443
2135
2719
2539
2147
2786
2073
136
2680
872
940
1711
1923
1293
1504
2501
1504
1843
1403
2182
2007
2596
1492
1201
556
1960
2588
1591
2358
1018
1698
2765
1147
175
1005
484
2359
148
748
1102
2369
588
2266
451
1785
2476
2399
2296
2484
1830
1781
307
2411
1875
1031
2725
2299
1795
2963
2425
169
2673
2189
2828
1928
2576
627
1917
956
593
1211
1448
1363
2765
358
1125
2790
1285
2494
1283
2727
2498
120
2433
2370
1705
2998
1442
525
560
2936
1219
1219
1641
2453
94
659
355
2803
317
708
2092
1238
2449
292
238
2879
2998
950
2912
664
2906
664
261
1662
2358
2926
2161
2265
85
1895
702
1912
1548
2813
40
2687
580
2948
259
2569
2806
1276
477
919
2613
1270
1639
885
2996
1521
1913
2560
2825
458
104
932
1918
2052
2642
1954
2118
514
1564
2817
2403
2865
716
822
1310
1207
1269
1368
136
2986
1352
2053
1091
1084
2337
1093
2108
1863
2267
2515
1406
582
2323
431
1523
2042
2266
2913
479
2474
335
179
2639
798
1645
2848
33
868
565
300
2121
1300
2412
129
343
187
2488
2848
973
1615
2868
1694
233
2500
1037
735
2613
496
2739
2166
2425
2064
2452
2364
2131
996
2333
326
1998
1180
451
2685
2850
2270
971
2900
525
923
1287
383
415
2850
621
1701
2521
2296
914
954
402
2583
757
2176
690
2784
1282
1556
974
180
2351
1510
736
734
958
995
2352
2562
2788
224
2654
904
196
2318
1566
2042
464
2321
738
2045
817
1490
2655
1556
702
1716
1921
1505
2034
2961
1916
1348
395
2304
924
1166
2760
1699
1817
521
858
2504
1565
858
209
550
1243
1852
2033
2596
1134
2730
1838
915
281
1543
1510
739
2317
2773
490
869
2891
2989
1199
938
1129
2225
891
929
368
1640
2979
2695
1760
744
2266
337
1027
789
1901
392
1762
481
2037
620
1377
1876
495
2209
1124
1744
2952
525
1265
2496
1957
843
1156
1025
779
192
2465
2643
691
2495
1163
281
646
656
1183
558
2831
950
876
899
383
1991
2967
1473
2214
2326
2465
1143
1180
628
2470
2047
1075
761
705
2963
9
1483
900
338
2342
2338
237
1509
2448
271
1746
2238
1702
267
1893
2101
2753
2013
2008
2693
2294
2797
1890
1783
1446
1867
641
792
2681
68
1791
271
1768
1498
1151
258
1889
1740
1779
1999
1228
2622
986
1434
1041
1126
1425
1856
1126
1154
2520
1180
2596
192
103
117
454
2918
355
97
735
2972
717
1790
1426
2680
2609
1358
2990
1231
2012
2094
1434
175
689
849
1003
2009
1053
1690
2493
1922
381
779
1337
2459
2103
476
1778
1116
135
1448
1442
1037
400
1060
32
753
1040
95
190
1206
2000
2623
2289
2247
2987
2419
2061
117
414
116
2197
107
2894
2787
2022
1888
2736
1144
884
364
2408
469
2677
1183
1658
1820
2429
2514
2826
746
1992
259
311
56
343
2059
2526
1158
148
2414
260
1384
271
760
1669
333
1740
2580
1964
253
256
760
224
1317
2349
943
2493
537
2728
1052
2705
2212
68
138
876
2492
1440
2957
1436
1104
2404
637
1650
991
515
735
44
2517
1633
1725
2661
567
2102
2531
495
2290
2966
724
700
2679
1197
105
2075
2009
655
2414
685
2490
2445
2229
1809
847
1648
2873
1002
1180
2091
2678
2293
2247
2725
2787
884
909
2397
511
527
943
2427
1100
2168
2916
2318
2910
1913
2696
1924
1012
2746
1090
2339
730
671
2752
2879
1220
2632
393
2798
1044
1242
1024
2914
1387
1910
1482
1519
2268
352
1301
250
2511
1447
821
1541
1115
1130
175
1221
2634
44
1742
904
637
420
589
2154
2890
1735
1929
1756
801
569
550
871
1152
514
1118
857
960
657
504
2735
1115
2430
1859
524
560
1493
38
2827
2977
1368
2121
1174
1647
1288
1972
1245
402
2152
1320
1761
2872
2334
2912
33
1374
247
1198
131
2193
1221
2805
499
286
2108
2688
115
2284
504
1649
2112
1435
2711
2969
1247
138
2726
2914
453
1684
2460
2640
2050
2659
2536
890
796
2112
2782
1315
1160
1539
828
2758
1251
2903
2986
580
2584
1333
33
1635
2502
2309
893
7
2574
2135
759
1773
2304
1562
1848
98
1156
2092
2026
2971
1272
2810
247
1072
685
718
1744
1747
871
1640
1270
750
776
2404
1484
2003
1078
137
2365
815
2130
41
1866
2380
2943
2565
1315
1629
2167
508
740
1003
193
879
828
2293
2009
1255
1909
2019
1433
2825
1417
1022
342
2980
660
1122
1159
241
1850
1471
890
425
2283
2735
582
1125
656
482
2126
2769
935
2908
2385
922
154
1286
854
798
691
1573
1953
1163
1346
1940
1356
890
761
1335
1116
811
131
2473
2896
1100
2009
1465
1001
1910
1886
2735
443
2500
802
100
1660
978
2026
2884
2215
2567
2772
2025
1661
564
2064
47
1361
1843
709
1910
2393
2262
2085
1531
2026
1604
308
622
2334
2671
2274
2641
1145
1802
433
668
886
2469
2046
358
495
2573
469
1104
2124
1375
1022
1661
2104
899
1088
2799
292
1770
2495
925
2256
2160
666
2418
555
2279
1940
1544
2710
2210
1526
1496
1709
2982
290
2876
2280
1268
2548
1993
1588
1586
166
1818
2044
2394
2705
608
1918
2032
2071
931
1263
383
2715
1588
1434
2049
876
2866
2231
1936
24
905
2679
592
1953
70
2509
1613
2469
1661
1945
2912
908
2244
2790
1983
349
1923
1457
1844
2412
910
2931
114
2913
1174
1126
1480
2772
706
2516
717
1437
1781
1269
1839
599
1314
820
2275
1772
630
1386
2800
2663
2611
2894
1483
2886
588
975
2489
1529
1118
425
2829
8
2045
2348
2282
2259
1357
151
1426
1568
1387
1125
2227
589
2950
1471
362
1133
1967
1617
1714
1900
2761
641
1184
7
1121
739
543
2377
1604
365
1815
619
1536
779
2592
2789
2776
1039
2337
2449
1482
1143
1817
395
741
654
1300
2962
818
1473
1998
590
2574
2546
2557
1215
258
449
1957
763
1633
2027
399
826
610
700
2825
1873
2550
2428
969
745
551
2836
1623
439
2109
994
1172
1447
949
1211
833
1740
2738
1656
249
2035
154
1592
2957
208
2210
2104
1709
2822
1943
671
1182
1120
901
469
2552
2898
501
416
686
2364
288
2842
27
2493
823
433
1605
2685
1397
1995
178
2880
1602
2534
2289
1602
1003
576
2530
870
1006
689
1501
1826
396
631
1396
901
1832
639
77
1044
1928
1746
11
2863
1908
2456
2597
704
1767
801
277
2620
2612
372
2880
2325
2729
1769
1775
915
2495
381
1239
2941
1589
2989
427
2186
566
2766
2630
1754
1952
2973
2521
97
2242
1015
1968
1690
2923
1546
2266
323
656
1943
1768
1240
2517
1352
691
494
1149
2448
2733
2768
2429
239
803
2835
2237
347
2490
1651
751
1952
1472
2940
2342
414
19
2838
2249
2942
2850
1007
2399
823
1214
615
803
1525
2310
2824
1877
2547
1240
1103
2241
903
2157
1491
2524
1727
572
1006
2883
2244
479
177
1661
2842
2545
1159
1016
1243
2350
779
900
1428
2452
1382
2671
2083
8
2672
21
1193
500
154
2071
2253
1871
1607
2765
2819
827
1525
1603
1915
1444
406
2977
705
2245
1612
263
1192
352
1241
1078
2220
1365
2391
1235
2733
2717
2519
237
1751
2414
1675
1122
944
1093
552
2001
499
2950
2988
345
1538
630
915
97
379
2523
2684
2979
729
1022
1157
1886
74
875
407
211
1402
1235
1556
2558
261
433
932
2794
850
2373
1130
1661
625
2715
2693
1848
1787
809
488
500
2268
278
1545
2880
930
2432
795
266
2111
1074
642
1619
2563
2612
2097
431
2661
1597
2304
2698
2131
2384
591
1780
832
1121
2054
1215
1647
887
2570
2514
2916
2444
1718
853
1711
1217
2776
1418
1676
2537
2075
2497
730
512
1530
1717
1705
2855
2061
2333
916
2227
2240
329
1327
154
2221
820
172
720
52
1970
2147
626
1479
404
3000
2052
1580
2297
262
1854
2841
2297
2737
2178
2037
1459
1416
1523
1072
2801
2341
2916
830
2255
2801
2052
1911
898
2382
178
1780
871
2258
2971
1724
2165
2610
1517
2228
2095
292
1573
1772
390
647
1259
562
2342
1235
1134
2877
1933
780
98
79
1271
2698
2093
2104
867
2755
1918
1138
2288
1462
478
2337
2484
1698
1151
428
1647
424
1608
1992
910
49
1415
2540
2092
150
2718
548
764
2907
2092
1326
1722
2954
2874
1820
2806
1821
1001
837
386
2864
2898
2138
2722
2346
1406
20
2991
2479
2393
430
997
2859
960
348
324
2374
296
1706
1420
838
2482
137
846
1439
2702
2168
2539
1929
986
2903
2400
2336
2021
1440
1446
1242
2913
186
1217
1661
2219
755
145
145
755
1817
1106
2402
637
665
2862
275
754
2047
2275
886
1415
1308
363
104
2393
1023
23
2509
1534
2374
1389
1791
1891
2296
2758
2697
1025
2685
1245
2598
847
870
2135
1966
457
1434
593
1200
1323
1075
1767
2381
439
334
1838
1572
1750
1118
1154
1780
60
173
1252
2551
2742
117
851
1439
2076
1300
2375
890
937
2281
817
201
1822
36
1164
1807
751
2086
651
477
2976
590
277
1060
975
668
835
2384
2448
2759
1390
2519
1496
788
2331
1745
2789
1579
586
1271
2133
2329
1253
1410
877
1792
1270
1224
1904
94
1195
1867
2071
1498
315
2418
502
1384
1412
2474
1543
1388
1046
2681
32
18
1876
2400
1811
2508
372
1470
1765
2747
1759
805
1896
572
1954
1999
1297
1832
1281
2433
1469
236
2692
1965
438
1639
1550
739
932
1913
636
1463
680
406
2299
1148
193
2937
2900
179
2365
1563
2728
1261
779
248
463
1488
729
198
2604
1103
874
1463
471
2027
1725
1238
1815
2858
1441
924
13
2695
1416
2710
1531
1594
2564
2796
99
2619
125
2947
2599
984
1629
55
968
1721
1989
1738
1218
2431
581
281
1599
913
492
1309
996
949
1614
1138
883
2465
2328
157
2346
1553
2875
96
1933
2139
573
1301
1462
1432
1722
269
1877
2880
436
2589
85
1809
1574
149
1825
193
1647
1697
2813
1819
2717
1334
1850
2957
1730
951
1309
2811
1918
1300
1455
1331
2611
2528
371
2380
22
1441
427
236
484
2814
96
2814
2764
504
2679
2722
787
1253
2603
479
887
111
2735
1131
2843
695
2767
1972
1823
1187
1115
169
949
2610
863
2769
570
654
697
2838
1186
608
2663
1302
2515
2381
986
2535
514
393
2575
704
1646
1025
1879
1377
766
134
2529
82
1261
1662
2618
2654
496
1415
1961
1762
581
575
423
407
1784
1605
2099
763
1366
1920
2792
444
725
190
500
1512
2837
304
1127
7
1728
1403
1704
561
1519
781
1377
26
2723
1706
31
106
2542
2643
2057
1410
1188
2401
851
2002
2688
114
2285
392
1946
1619
1162
2090
1695
1184
82
1325
2507
170
2763
1036
394
416
292
2307
1513
2251
2535
826
2016
1581
1041
801
293
2949
761
2906
2717
2386
141
73
112
1348
698
1057
354
590
1415
756
2653
1839
2929
481
1726
1434
2704
1924
53
2609
1565
2102
1207
753
2213
1463
2825
2879
2354
778
1814
1387
1344
278
1291
19
2005
1819
1762
1897
1718
967
1250
2035
1207
1140
1099
1633
1912
1208
1562
1318
2232
66
1599
1494
1422
986
1366
566
2207
341
2105
2061
336
1963
2237
1615
1624
788
332
576
1539
530
880
1742
101
705
2005
71
2810
2150
1639
2396
1658
381
1861
745
1802
891
34
2242
2950
2603
1456
271
33
513
2900
2547
1509
929
74
2982
2022
1088
2118
1741
311
2378
2890
102
732
2131
692
1129
217
1607
254
1674
1262
257
2753
147
2804
2390
1013
1927
688
915
486
1115
2511
945
1507
2301
253
659
2777
1503
1238
1261
1240
617
1948
1700
874
1295
2932
2881
1254
1010
694
1559
757
2915
2516
453
1136
970
898
2054
2393
1833
330
241
1404
369
686
1750
383
2096
2065
458
321
2414
2241
2428
2966
375
2456
1219
1416
295
1739
373
1583
739
2429
1829
2951
1389
598
2281
1287
31
2023
2138
682
762
2326
1170
1864
1373
2114
2603
2425
2588
1679
2869
1368
910
1274
1303
1882
40
2694
1600
2050
89
173
177
238
1628
2073
1805
305
349
836
1611
2173
621
234
1029
1711
1289
2477
2173
711
2819
1989
2603
2161
1487
2971
1121
2431
2082
914
131
2902
791
1093
1323
2007
598
1305
1129
2864
327
376
225
1723
182
735
729
2291
1852
929
2994
2919
215
240
2088
958
1698
2109
675
978
1023
416
388
2566
1876
1754
657
1276
2807
809
2654
2811
2929
1873
664
2343
2393
1702
2179
1579
2793
1183
2815
710
1398
2377
6
615
848
2478
1913
218
2588
2863
1900
1153
1874
123
2739
2248
2196
2585
1442
265
1601
175
2498
2808
1805
1015
788
1151
511
1462
967
1260
2550
753
2306
2492
2161
2202
1362
653
1221
2671
981
1932
1752
385
53
2878
1977
1357
1753
2797
771
1618
495
666
1156
458
2915
485
2102
610
2733
936
835
2229
2434
139
854
667
1342
1823
674
2762
1517
98
2288
989
2611
529
1544
1534
1017
2866
2720
1558
2174
2336
291
2135
1908
755
2002
812
1624
2695
371
2446
801
2690
120
1437
1882
1924
2656
1424
890
1848
1274
1872
1652
1913
2781
1635
2411
1501
2707
726
956
2787
2345
1914
1611
1460
1485
666
549
455
2793
1487
1795
644
396
2749
2563
1039
1405
2282
2679
566
2980
393
2544
2811
740
125
2985
470
764
829
2438
1085
2327
101
2696
1087
1549
1639
1181
2777
